% -------------------------------------------------------------------
%  Generated by MATLAB on 4-May-2020 13:30:26
%  MATLAB version: 9.8.0.1323502 (R2020a)
% -------------------------------------------------------------------
                                 

train7 = ...
  [64 26 192 141 63 227 155 117 64 16 99 44 63 25 19 230 63 6 143 120 191 ...
   17 100 136 62 216 250 143 190 129 207 5 191 102 202 154 63 16 107 2 ...
   191 46 90 249 63 4 146 161 62 225 26 46 189 152 39 209 62 193 115 131 ...
   191 102 46 251 191 90 54 113 60 199 200 65 62 60 179 201 63 110 197 ...
   182 62 142 220 17 62 189 86 198 190 86 29 3 187 188 132 35 60 66 207 ...
   75 190 111 74 151 62 181 186 232 63 175 142 235 189 115 65 224 62 71 ...
   252 119 190 147 81 147 190 31 40 34 187 223 71 159 189 230 233 167 190 ...
   40 107 84 191 128 10 242 62 42 154 17 62 137 248 204 63 59 150 182 191 ...
   10 120 62;
   63 53 10 113 191 158 175 161 63 74 152 232 63 129 65 67 62 171 199 147 ...
   190 152 250 128 190 219 153 239 62 171 51 166 190 43 161 239 62 113 ...
   8 156 190 57 34 39 191 95 28 221 190 182 96 8 62 91 34 131 62 99 246 ...
   166 190 178 185 234 190 233 219 225 61 177 54 113 190 75 82 4 190 155 ...
   229 231 62 123 18 48 189 253 217 115 190 170 225 15 190 121 91 234 190 ...
   39 38 183 191 20 69 222 190 83 175 130 190 169 172 237 61 199 174 90 ...
   189 187 185 126 62 22 213 18 189 159 40 43 190 92 106 187 62 179 127 ...
   233 62 152 199 108 190 4 161 193 62 75 2 132 62 90 146 165 62 213 127 ...
   115 190 64 188 232];

