% -------------------------------------------------------------------
%  Generated by MATLAB on 4-May-2020 13:41:09
%  MATLAB version: 9.8.0.1323502 (R2020a)
% -------------------------------------------------------------------
                                  

string = [' 64, 26,192,141, 63,227,155,117, 64, 16, 99, 44, 63, 25, 19,' ...
          '230, 63,  6,143,120,191, 17,100,136, 62,216,250,143,190,129,' ...
          '207,  5,191,102,202,154, 63, 16,107,  2,191, 46, 90,249, 63,' ...
          '  4,146,161, 62,225, 26, 46,189,152, 39,209, 62,193,115,131,' ...
          '191,102, 46,251,191, 90, 54,113, 60,199,200, 65, 62, 60,179,' ...
          '201, 63,110,197,182, 62,142,220, 17, 62,189, 86,198,190, 86,' ...
          ' 29,  3,187,188,132, 35, 60, 66,207, 75,190,111, 74,151, 62,' ...
          '181,186,232, 63,175,142,235,189,115, 65,224, 62, 71,252,119,' ...
          '190,147, 81,147,190, 31, 40, 34,187,223, 71,159,189,230,233,' ...
          '167,190, 40,107, 84,191,128, 10,242, 62, 42,154, 17, 62,137,' ...
          '248,204, 63, 59,150,182,191, 10,120, 62,'];

